participant_id
5003
5004
5008
5009
5011
5015
5025
5029
5033
5034
5045
5055
5057
5065
5070
5074
5075
5091
5094
5102
5103
5104
5121
5126
5137
5139
5141
5143
5149
5158
5159
5160
5166
5167
5179
5185
5186
5187
5188
5199
5201
5211
5215
5224
5231
5233
5244
5286
5302
5304
5332
5334
5338
5357
5370
5388
5393
5406
5414
5417
5430
5438
5447
5448
5452
5468
5478
5492
5508
5516
5519
5524
5527
5536
5543
5553

311
5317
5332
5334
5338
5342
5355
5357
5370
5374
5379
5388
5391
5393
5400
5406
5414
5417
5430
5438
5447
5448
5452
5463
5468
5472
5476
5478
5492
5495
5508
5516
5519
5524
5527
5536
5543
5553
5558
5588
